version https://git-lfs.github.com/spec/v1
oid sha256:f07750e8aa36adced4c0d85ba48101463aa26779ecfa4087b502217a72ac4d91
size 169
